# Blender 4.3.2
# www.blender.org
mtllib box.mtl
o Cube
v 1.734051 1.344459 0.941753
v 1.734051 -1.344459 0.941753
v 0.300834 1.344459 -1.333367
v 0.300834 -1.344459 -1.333367
v 4.009171 1.344459 -0.491464
v 4.009171 -1.344459 -0.491464
v 2.575954 1.344459 -2.766584
v 2.575954 -1.344459 -2.766584
vn -0.0000 1.0000 -0.0000
vn -0.5330 -0.0000 -0.8461
vn 0.8461 -0.0000 -0.5330
vn -0.0000 -1.0000 -0.0000
vn -0.8461 -0.0000 0.5330
vn 0.5330 -0.0000 0.8461
vt 0.625000 0.500000
vt 0.875000 0.500000
vt 0.875000 0.750000
vt 0.625000 0.750000
vt 0.375000 0.750000
vt 0.625000 1.000000
vt 0.375000 1.000000
vt 0.375000 0.000000
vt 0.625000 0.000000
vt 0.625000 0.250000
vt 0.375000 0.250000
vt 0.125000 0.500000
vt 0.375000 0.500000
vt 0.125000 0.750000
s 0
usemtl Material
f 1/1/1 5/2/1 7/3/1 3/4/1
f 4/5/2 3/4/2 7/6/2 8/7/2
f 8/8/3 7/9/3 5/10/3 6/11/3
f 6/12/4 2/13/4 4/5/4 8/14/4
f 2/13/5 1/1/5 3/4/5 4/5/5
f 6/11/6 5/10/6 1/1/6 2/13/6
o Cube.002
v 0.574703 -1.394258 -1.571534
v 0.574703 -0.994258 -1.571534
v 2.067127 -1.394258 0.797574
v 2.067127 -0.994258 0.797574
v 0.236259 -1.394258 -1.358330
v 0.236259 -0.994258 -1.358330
v 1.728683 -1.394258 1.010777
v 1.728683 -0.994258 1.010777
vn 0.8461 -0.0000 -0.5330
vn 0.5330 -0.0000 0.8461
vn -0.8461 -0.0000 0.5330
vn -0.5330 -0.0000 -0.8461
vn -0.0000 -1.0000 -0.0000
vn -0.0000 1.0000 -0.0000
vt 0.375000 0.000000
vt 0.625000 0.000000
vt 0.625000 0.250000
vt 0.375000 0.250000
vt 0.625000 0.500000
vt 0.375000 0.500000
vt 0.625000 0.750000
vt 0.375000 0.750000
vt 0.625000 1.000000
vt 0.375000 1.000000
vt 0.125000 0.500000
vt 0.125000 0.750000
vt 0.875000 0.500000
vt 0.875000 0.750000
s 0
usemtl Material.001
f 9/15/7 10/16/7 12/17/7 11/18/7
f 11/18/8 12/17/8 16/19/8 15/20/8
f 15/20/9 16/19/9 14/21/9 13/22/9
f 13/22/10 14/21/10 10/23/10 9/24/10
f 11/25/11 15/20/11 13/22/11 9/26/11
f 16/19/12 12/27/12 10/28/12 14/21/12
o Cube.001
v 0.574703 0.996845 -1.571534
v 0.574703 1.396845 -1.571534
v 2.067127 0.996845 0.797574
v 2.067127 1.396845 0.797574
v 0.236259 0.996845 -1.358330
v 0.236259 1.396845 -1.358330
v 1.728683 0.996845 1.010777
v 1.728683 1.396845 1.010777
vn 0.8461 -0.0000 -0.5330
vn 0.5330 -0.0000 0.8461
vn -0.8461 -0.0000 0.5330
vn -0.5330 -0.0000 -0.8461
vn -0.0000 -1.0000 -0.0000
vn -0.0000 1.0000 -0.0000
vt 0.375000 0.000000
vt 0.625000 0.000000
vt 0.625000 0.250000
vt 0.375000 0.250000
vt 0.625000 0.500000
vt 0.375000 0.500000
vt 0.625000 0.750000
vt 0.375000 0.750000
vt 0.625000 1.000000
vt 0.375000 1.000000
vt 0.125000 0.500000
vt 0.125000 0.750000
vt 0.875000 0.500000
vt 0.875000 0.750000
s 0
usemtl Material.001
f 17/29/13 18/30/13 20/31/13 19/32/13
f 19/32/14 20/31/14 24/33/14 23/34/14
f 23/34/15 24/33/15 22/35/15 21/36/15
f 21/36/16 22/35/16 18/37/16 17/38/16
f 19/39/17 23/34/17 21/36/17 17/40/17
f 24/33/18 20/41/18 18/42/18 22/35/18
o Cube.003
v 0.576419 -1.331333 -1.568809
v 0.576419 1.322651 -1.568809
v 0.789623 -1.331333 -1.230365
v 0.789623 1.322651 -1.230365
v 0.237975 -1.331333 -1.355605
v 0.237975 1.322651 -1.355605
v 0.451179 -1.331333 -1.017161
v 0.451179 1.322651 -1.017161
vn 0.8461 -0.0000 -0.5330
vn 0.5330 -0.0000 0.8461
vn -0.8461 -0.0000 0.5330
vn -0.5330 -0.0000 -0.8461
vn -0.0000 -1.0000 -0.0000
vn -0.0000 1.0000 -0.0000
vt 0.375000 0.000000
vt 0.625000 0.000000
vt 0.625000 0.250000
vt 0.375000 0.250000
vt 0.625000 0.500000
vt 0.375000 0.500000
vt 0.625000 0.750000
vt 0.375000 0.750000
vt 0.625000 1.000000
vt 0.375000 1.000000
vt 0.125000 0.500000
vt 0.125000 0.750000
vt 0.875000 0.500000
vt 0.875000 0.750000
s 0
usemtl Material.001
f 25/43/19 26/44/19 28/45/19 27/46/19
f 27/46/20 28/45/20 32/47/20 31/48/20
f 31/48/21 32/47/21 30/49/21 29/50/21
f 29/50/22 30/49/22 26/51/22 25/52/22
f 27/53/23 31/48/23 29/50/23 25/54/23
f 32/47/24 28/55/24 26/56/24 30/49/24
o Cube.004
v 1.855972 -1.331333 0.462381
v 1.855972 1.322651 0.462381
v 2.069175 -1.331333 0.800825
v 2.069175 1.322651 0.800825
v 1.517528 -1.331333 0.675585
v 1.517528 1.322651 0.675585
v 1.730731 -1.331333 1.014029
v 1.730731 1.322651 1.014029
vn 0.8461 -0.0000 -0.5330
vn 0.5330 -0.0000 0.8461
vn -0.8461 -0.0000 0.5330
vn -0.5330 -0.0000 -0.8461
vn -0.0000 -1.0000 -0.0000
vn -0.0000 1.0000 -0.0000
vt 0.375000 0.000000
vt 0.625000 0.000000
vt 0.625000 0.250000
vt 0.375000 0.250000
vt 0.625000 0.500000
vt 0.375000 0.500000
vt 0.625000 0.750000
vt 0.375000 0.750000
vt 0.625000 1.000000
vt 0.375000 1.000000
vt 0.125000 0.500000
vt 0.125000 0.750000
vt 0.875000 0.500000
vt 0.875000 0.750000
s 0
usemtl Material.001
f 33/57/25 34/58/25 36/59/25 35/60/25
f 35/60/26 36/59/26 40/61/26 39/62/26
f 39/62/27 40/61/27 38/63/27 37/64/27
f 37/64/28 38/63/28 34/65/28 33/66/28
f 35/67/29 39/62/29 37/64/29 33/68/29
f 40/61/30 36/69/30 34/70/30 38/63/30
o Cube.005
v 2.577188 0.996880 -2.833645
v 2.577188 1.396880 -2.833645
v 4.069612 0.996880 -0.464538
v 4.069612 1.396880 -0.464538
v 2.238744 0.996880 -2.620442
v 2.238744 1.396880 -2.620442
v 3.731168 0.996880 -0.251335
v 3.731168 1.396880 -0.251335
vn 0.8461 -0.0000 -0.5330
vn 0.5330 -0.0000 0.8461
vn -0.8461 -0.0000 0.5330
vn -0.5330 -0.0000 -0.8461
vn -0.0000 -1.0000 -0.0000
vn -0.0000 1.0000 -0.0000
vt 0.375000 0.000000
vt 0.625000 0.000000
vt 0.625000 0.250000
vt 0.375000 0.250000
vt 0.625000 0.500000
vt 0.375000 0.500000
vt 0.625000 0.750000
vt 0.375000 0.750000
vt 0.625000 1.000000
vt 0.375000 1.000000
vt 0.125000 0.500000
vt 0.125000 0.750000
vt 0.875000 0.500000
vt 0.875000 0.750000
s 0
usemtl Material.001
f 41/71/31 42/72/31 44/73/31 43/74/31
f 43/74/32 44/73/32 48/75/32 47/76/32
f 47/76/33 48/75/33 46/77/33 45/78/33
f 45/78/34 46/77/34 42/79/34 41/80/34
f 43/81/35 47/76/35 45/78/35 41/82/35
f 48/75/36 44/83/36 42/84/36 46/77/36
o Cube.006
v 2.577188 -1.394222 -2.833645
v 2.577188 -0.994222 -2.833645
v 4.069612 -1.394222 -0.464538
v 4.069612 -0.994222 -0.464538
v 2.238744 -1.394222 -2.620442
v 2.238744 -0.994222 -2.620442
v 3.731168 -1.394222 -0.251335
v 3.731168 -0.994222 -0.251335
vn 0.8461 -0.0000 -0.5330
vn 0.5330 -0.0000 0.8461
vn -0.8461 -0.0000 0.5330
vn -0.5330 -0.0000 -0.8461
vn -0.0000 -1.0000 -0.0000
vn -0.0000 1.0000 -0.0000
vt 0.375000 0.000000
vt 0.625000 0.000000
vt 0.625000 0.250000
vt 0.375000 0.250000
vt 0.625000 0.500000
vt 0.375000 0.500000
vt 0.625000 0.750000
vt 0.375000 0.750000
vt 0.625000 1.000000
vt 0.375000 1.000000
vt 0.125000 0.500000
vt 0.125000 0.750000
vt 0.875000 0.500000
vt 0.875000 0.750000
s 0
usemtl Material.001
f 49/85/37 50/86/37 52/87/37 51/88/37
f 51/88/38 52/87/38 56/89/38 55/90/38
f 55/90/39 56/89/39 54/91/39 53/92/39
f 53/92/40 54/91/40 50/93/40 49/94/40
f 51/95/41 55/90/41 53/92/41 49/96/41
f 56/89/42 52/97/42 50/98/42 54/91/42
o Cube.007
v 2.578904 -1.331298 -2.830920
v 2.578904 1.322686 -2.830920
v 2.792108 -1.331298 -2.492476
v 2.792108 1.322686 -2.492476
v 2.240460 -1.331298 -2.617717
v 2.240460 1.322686 -2.617717
v 2.453664 -1.331298 -2.279273
v 2.453664 1.322686 -2.279273
vn 0.8461 -0.0000 -0.5330
vn 0.5330 -0.0000 0.8461
vn -0.8461 -0.0000 0.5330
vn -0.5330 -0.0000 -0.8461
vn -0.0000 -1.0000 -0.0000
vn -0.0000 1.0000 -0.0000
vt 0.375000 0.000000
vt 0.625000 0.000000
vt 0.625000 0.250000
vt 0.375000 0.250000
vt 0.625000 0.500000
vt 0.375000 0.500000
vt 0.625000 0.750000
vt 0.375000 0.750000
vt 0.625000 1.000000
vt 0.375000 1.000000
vt 0.125000 0.500000
vt 0.125000 0.750000
vt 0.875000 0.500000
vt 0.875000 0.750000
s 0
usemtl Material.001
f 57/99/43 58/100/43 60/101/43 59/102/43
f 59/102/44 60/101/44 64/103/44 63/104/44
f 63/104/45 64/103/45 62/105/45 61/106/45
f 61/106/46 62/105/46 58/107/46 57/108/46
f 59/109/47 63/104/47 61/106/47 57/110/47
f 64/103/48 60/111/48 58/112/48 62/105/48
o Cube.008
v 3.858456 -1.331298 -0.799730
v 3.858456 1.322686 -0.799730
v 4.071660 -1.331298 -0.461287
v 4.071660 1.322686 -0.461287
v 3.520013 -1.331298 -0.586527
v 3.520013 1.322686 -0.586527
v 3.733216 -1.331298 -0.248083
v 3.733216 1.322686 -0.248083
vn 0.8461 -0.0000 -0.5330
vn 0.5330 -0.0000 0.8461
vn -0.8461 -0.0000 0.5330
vn -0.5330 -0.0000 -0.8461
vn -0.0000 -1.0000 -0.0000
vn -0.0000 1.0000 -0.0000
vt 0.375000 0.000000
vt 0.625000 0.000000
vt 0.625000 0.250000
vt 0.375000 0.250000
vt 0.625000 0.500000
vt 0.375000 0.500000
vt 0.625000 0.750000
vt 0.375000 0.750000
vt 0.625000 1.000000
vt 0.375000 1.000000
vt 0.125000 0.500000
vt 0.125000 0.750000
vt 0.875000 0.500000
vt 0.875000 0.750000
s 0
usemtl Material.001
f 65/113/49 66/114/49 68/115/49 67/116/49
f 67/116/50 68/115/50 72/117/50 71/118/50
f 71/118/51 72/117/51 70/119/51 69/120/51
f 69/120/52 70/119/52 66/121/52 65/122/52
f 67/123/53 71/118/53 69/120/53 65/124/53
f 72/117/54 68/125/54 66/126/54 70/119/54
o Cube.009
v 1.543901 0.996845 0.664752
v 1.543901 1.396845 0.664752
v 3.838047 0.996845 -0.780451
v 3.838047 1.396845 -0.780451
v 1.757104 0.996845 1.003195
v 1.757104 1.396845 1.003195
v 4.051250 0.996845 -0.442007
v 4.051250 1.396845 -0.442007
vn -0.5330 -0.0000 -0.8461
vn 0.8461 -0.0000 -0.5330
vn 0.5330 -0.0000 0.8461
vn -0.8461 -0.0000 0.5330
vn -0.0000 -1.0000 -0.0000
vn -0.0000 1.0000 -0.0000
vt 0.375000 0.000000
vt 0.625000 0.000000
vt 0.625000 0.250000
vt 0.375000 0.250000
vt 0.625000 0.500000
vt 0.375000 0.500000
vt 0.625000 0.750000
vt 0.375000 0.750000
vt 0.625000 1.000000
vt 0.375000 1.000000
vt 0.125000 0.500000
vt 0.125000 0.750000
vt 0.875000 0.500000
vt 0.875000 0.750000
s 0
usemtl Material.001
f 73/127/55 74/128/55 76/129/55 75/130/55
f 75/130/56 76/129/56 80/131/56 79/132/56
f 79/132/57 80/131/57 78/133/57 77/134/57
f 77/134/58 78/133/58 74/135/58 73/136/58
f 75/137/59 79/132/59 77/134/59 73/138/59
f 80/131/60 76/139/60 74/140/60 78/133/60
o Cube.010
v 0.429902 0.996880 -1.487721
v 0.429902 1.396880 -1.487721
v 2.376694 0.996880 -2.714107
v 2.376694 1.396880 -2.714107
v 0.643106 0.996880 -1.149277
v 0.643106 1.396880 -1.149277
v 2.589898 0.996880 -2.375663
v 2.589898 1.396880 -2.375663
vn -0.5330 -0.0000 -0.8461
vn 0.8461 -0.0000 -0.5330
vn 0.5330 -0.0000 0.8461
vn -0.8461 -0.0000 0.5330
vn -0.0000 -1.0000 -0.0000
vn -0.0000 1.0000 -0.0000
vt 0.375000 0.000000
vt 0.625000 0.000000
vt 0.625000 0.250000
vt 0.375000 0.250000
vt 0.625000 0.500000
vt 0.375000 0.500000
vt 0.625000 0.750000
vt 0.375000 0.750000
vt 0.625000 1.000000
vt 0.375000 1.000000
vt 0.125000 0.500000
vt 0.125000 0.750000
vt 0.875000 0.500000
vt 0.875000 0.750000
s 0
usemtl Material.001
f 81/141/61 82/142/61 84/143/61 83/144/61
f 83/144/62 84/143/62 88/145/62 87/146/62
f 87/146/63 88/145/63 86/147/63 85/148/63
f 85/148/64 86/147/64 82/149/64 81/150/64
f 83/151/65 87/146/65 85/148/65 81/152/65
f 88/145/66 84/153/66 82/154/66 86/147/66
o Cube.011
v 1.540873 -1.396551 0.665494
v 1.540873 -0.996551 0.665494
v 3.835019 -1.396551 -0.779708
v 3.835019 -0.996551 -0.779708
v 1.754076 -1.396551 1.003938
v 1.754076 -0.996551 1.003938
v 4.048223 -1.396551 -0.441264
v 4.048223 -0.996551 -0.441264
vn -0.5330 -0.0000 -0.8461
vn 0.8461 -0.0000 -0.5330
vn 0.5330 -0.0000 0.8461
vn -0.8461 -0.0000 0.5330
vn -0.0000 -1.0000 -0.0000
vn -0.0000 1.0000 -0.0000
vt 0.375000 0.000000
vt 0.625000 0.000000
vt 0.625000 0.250000
vt 0.375000 0.250000
vt 0.625000 0.500000
vt 0.375000 0.500000
vt 0.625000 0.750000
vt 0.375000 0.750000
vt 0.625000 1.000000
vt 0.375000 1.000000
vt 0.125000 0.500000
vt 0.125000 0.750000
vt 0.875000 0.500000
vt 0.875000 0.750000
s 0
usemtl Material.001
f 89/155/67 90/156/67 92/157/67 91/158/67
f 91/158/68 92/157/68 96/159/68 95/160/68
f 95/160/69 96/159/69 94/161/69 93/162/69
f 93/162/70 94/161/70 90/163/70 89/164/70
f 91/165/71 95/160/71 93/162/71 89/166/71
f 96/159/72 92/167/72 90/168/72 94/161/72
o Cube.012
v 0.426874 -1.396516 -1.486979
v 0.426874 -0.996516 -1.486979
v 2.373666 -1.396516 -2.713365
v 2.373666 -0.996516 -2.713365
v 0.640078 -1.396516 -1.148535
v 0.640078 -0.996516 -1.148535
v 2.586870 -1.396516 -2.374921
v 2.586870 -0.996516 -2.374921
vn -0.5330 -0.0000 -0.8461
vn 0.8461 -0.0000 -0.5330
vn 0.5330 -0.0000 0.8461
vn -0.8461 -0.0000 0.5330
vn -0.0000 -1.0000 -0.0000
vn -0.0000 1.0000 -0.0000
vt 0.375000 0.000000
vt 0.625000 0.000000
vt 0.625000 0.250000
vt 0.375000 0.250000
vt 0.625000 0.500000
vt 0.375000 0.500000
vt 0.625000 0.750000
vt 0.375000 0.750000
vt 0.625000 1.000000
vt 0.375000 1.000000
vt 0.125000 0.500000
vt 0.125000 0.750000
vt 0.875000 0.500000
vt 0.875000 0.750000
s 0
usemtl Material.001
f 97/169/73 98/170/73 100/171/73 99/172/73
f 99/172/74 100/171/74 104/173/74 103/174/74
f 103/174/75 104/173/75 102/175/75 101/176/75
f 101/176/76 102/175/76 98/177/76 97/178/76
f 99/179/77 103/174/77 101/176/77 97/180/77
f 104/173/78 100/181/78 98/182/78 102/175/78
o Cube.013
v 0.855838 -1.102888 -1.143392
v 0.697505 -0.805834 -1.394732
v 1.964163 0.976489 0.615989
v 1.805831 1.273543 0.364649
v 0.500389 -1.102888 -0.919476
v 0.342057 -0.805834 -1.170817
v 1.608715 0.976489 0.839904
v 1.450382 1.273543 0.588564
vn 0.8461 -0.0000 -0.5330
vn 0.3769 0.7071 0.5983
vn -0.8461 -0.0000 0.5330
vn -0.3769 -0.7071 -0.5983
vn 0.3769 -0.7071 0.5983
vn -0.3769 0.7071 -0.5983
vt 0.375000 0.000000
vt 0.625000 0.000000
vt 0.625000 0.250000
vt 0.375000 0.250000
vt 0.625000 0.500000
vt 0.375000 0.500000
vt 0.625000 0.750000
vt 0.375000 0.750000
vt 0.625000 1.000000
vt 0.375000 1.000000
vt 0.125000 0.500000
vt 0.125000 0.750000
vt 0.875000 0.500000
vt 0.875000 0.750000
s 0
usemtl Material.001
f 105/183/79 106/184/79 108/185/79 107/186/79
f 107/186/80 108/185/80 112/187/80 111/188/80
f 111/188/81 112/187/81 110/189/81 109/190/81
f 109/190/82 110/189/82 106/191/82 105/192/82
f 107/193/83 111/188/83 109/190/83 105/194/83
f 112/187/84 108/195/84 106/196/84 110/189/84
o Cube.014
v 0.689165 0.980026 -1.409546
v 0.847498 1.277080 -1.158206
v 1.797491 -1.099350 0.349834
v 1.955823 -0.802296 0.601174
v 0.333717 0.980026 -1.185631
v 0.492049 1.277080 -0.934291
v 1.442043 -1.099350 0.573750
v 1.600375 -0.802296 0.825090
vn 0.8461 -0.0000 -0.5330
vn 0.3769 -0.7071 0.5983
vn -0.8461 -0.0000 0.5330
vn -0.3769 0.7071 -0.5983
vn -0.3769 -0.7071 -0.5983
vn 0.3769 0.7071 0.5983
vt 0.375000 0.000000
vt 0.625000 0.000000
vt 0.625000 0.250000
vt 0.375000 0.250000
vt 0.625000 0.500000
vt 0.375000 0.500000
vt 0.625000 0.750000
vt 0.375000 0.750000
vt 0.625000 1.000000
vt 0.375000 1.000000
vt 0.125000 0.500000
vt 0.125000 0.750000
vt 0.875000 0.500000
vt 0.875000 0.750000
s 0
usemtl Material.001
f 113/197/85 114/198/85 116/199/85 115/200/85
f 115/200/86 116/199/86 120/201/86 119/202/86
f 119/202/87 120/201/87 118/203/87 117/204/87
f 117/204/88 118/203/88 114/205/88 113/206/88
f 115/207/89 119/202/89 117/204/89 113/208/89
f 120/201/90 116/209/90 114/210/90 118/203/90
o Cube.015
v 2.841891 -1.102888 -2.394510
v 2.683558 -0.805834 -2.645850
v 3.950216 0.976489 -0.635130
v 3.791884 1.273543 -0.886470
v 2.486442 -1.102888 -2.170595
v 2.328110 -0.805834 -2.421935
v 3.594768 0.976489 -0.411214
v 3.436435 1.273543 -0.662554
vn 0.8461 -0.0000 -0.5330
vn 0.3769 0.7071 0.5983
vn -0.8461 -0.0000 0.5330
vn -0.3769 -0.7071 -0.5983
vn 0.3769 -0.7071 0.5983
vn -0.3769 0.7071 -0.5983
vt 0.375000 0.000000
vt 0.625000 0.000000
vt 0.625000 0.250000
vt 0.375000 0.250000
vt 0.625000 0.500000
vt 0.375000 0.500000
vt 0.625000 0.750000
vt 0.375000 0.750000
vt 0.625000 1.000000
vt 0.375000 1.000000
vt 0.125000 0.500000
vt 0.125000 0.750000
vt 0.875000 0.500000
vt 0.875000 0.750000
s 0
usemtl Material.001
f 121/211/91 122/212/91 124/213/91 123/214/91
f 123/214/92 124/213/92 128/215/92 127/216/92
f 127/216/93 128/215/93 126/217/93 125/218/93
f 125/218/94 126/217/94 122/219/94 121/220/94
f 123/221/95 127/216/95 125/218/95 121/222/95
f 128/215/96 124/223/96 122/224/96 126/217/96
o Cube.016
v 2.675219 0.980026 -2.660665
v 2.833551 1.277080 -2.409324
v 3.783544 -1.099350 -0.901284
v 3.941876 -0.802296 -0.649944
v 2.319770 0.980026 -2.436749
v 2.478102 1.277080 -2.185409
v 3.428096 -1.099350 -0.677368
v 3.586428 -0.802296 -0.426028
vn 0.8461 -0.0000 -0.5330
vn 0.3769 -0.7071 0.5983
vn -0.8461 -0.0000 0.5330
vn -0.3769 0.7071 -0.5983
vn -0.3769 -0.7071 -0.5983
vn 0.3769 0.7071 0.5983
vt 0.375000 0.000000
vt 0.625000 0.000000
vt 0.625000 0.250000
vt 0.375000 0.250000
vt 0.625000 0.500000
vt 0.375000 0.500000
vt 0.625000 0.750000
vt 0.375000 0.750000
vt 0.625000 1.000000
vt 0.375000 1.000000
vt 0.125000 0.500000
vt 0.125000 0.750000
vt 0.875000 0.500000
vt 0.875000 0.750000
s 0
usemtl Material.001
f 129/225/97 130/226/97 132/227/97 131/228/97
f 131/228/98 132/227/98 136/229/98 135/230/98
f 135/230/99 136/229/99 134/231/99 133/232/99
f 133/232/100 134/231/100 130/233/100 129/234/100
f 131/235/101 135/230/101 133/232/101 129/236/101
f 136/229/102 132/237/102 130/238/102 134/231/102
o Cube.017
v 1.908419 -1.102986 0.383562
v 1.657079 -0.805932 0.541894
v 3.667800 0.976391 -0.724764
v 3.416460 1.273445 -0.566432
v 2.132335 -1.102986 0.739010
v 1.880995 -0.805932 0.897343
v 3.891716 0.976391 -0.369316
v 3.640375 1.273445 -0.210983
vn -0.5330 -0.0000 -0.8461
vn 0.5983 0.7071 -0.3769
vn 0.5330 -0.0000 0.8461
vn -0.5983 -0.7071 0.3769
vn 0.5983 -0.7071 -0.3769
vn -0.5983 0.7071 0.3769
vt 0.375000 0.000000
vt 0.625000 0.000000
vt 0.625000 0.250000
vt 0.375000 0.250000
vt 0.625000 0.500000
vt 0.375000 0.500000
vt 0.625000 0.750000
vt 0.375000 0.750000
vt 0.625000 1.000000
vt 0.375000 1.000000
vt 0.125000 0.500000
vt 0.125000 0.750000
vt 0.875000 0.500000
vt 0.875000 0.750000
s 0
usemtl Material.001
f 137/239/103 138/240/103 140/241/103 139/242/103
f 139/242/104 140/241/104 144/243/104 143/244/104
f 143/244/105 144/243/105 142/245/105 141/246/105
f 141/246/106 142/245/106 138/247/106 137/248/106
f 139/249/107 143/244/107 141/246/107 137/250/107
f 144/243/108 140/251/108 138/252/108 142/245/108
o Cube.018
v 1.642264 0.979928 0.550234
v 1.893605 1.276982 0.391902
v 3.401645 -1.099448 -0.558092
v 3.652985 -0.802394 -0.716424
v 1.866180 0.979928 0.905682
v 2.117520 1.276982 0.747350
v 3.625561 -1.099448 -0.202643
v 3.876901 -0.802394 -0.360976
vn -0.5330 -0.0000 -0.8461
vn 0.5983 -0.7071 -0.3769
vn 0.5330 -0.0000 0.8461
vn -0.5983 0.7071 0.3769
vn -0.5983 -0.7071 0.3769
vn 0.5983 0.7071 -0.3769
vt 0.375000 0.000000
vt 0.625000 0.000000
vt 0.625000 0.250000
vt 0.375000 0.250000
vt 0.625000 0.500000
vt 0.375000 0.500000
vt 0.625000 0.750000
vt 0.375000 0.750000
vt 0.625000 1.000000
vt 0.375000 1.000000
vt 0.125000 0.500000
vt 0.125000 0.750000
vt 0.875000 0.500000
vt 0.875000 0.750000
s 0
usemtl Material.001
f 145/253/109 146/254/109 148/255/109 147/256/109
f 147/256/110 148/255/110 152/257/110 151/258/110
f 151/258/111 152/257/111 150/259/111 149/260/111
f 149/260/112 150/259/112 146/261/112 145/262/112
f 147/263/113 151/258/113 149/260/113 145/264/113
f 152/257/114 148/265/114 146/266/114 150/259/114
o Cube.019
v 0.657301 -1.102986 -1.602491
v 0.405961 -0.805932 -1.444159
v 2.416682 0.976391 -2.710817
v 2.165341 1.273445 -2.552485
v 0.881216 -1.102986 -1.247043
v 0.629876 -0.805932 -1.088710
v 2.640597 0.976391 -2.355368
v 2.389257 1.273445 -2.197036
vn -0.5330 -0.0000 -0.8461
vn 0.5983 0.7071 -0.3769
vn 0.5330 -0.0000 0.8461
vn -0.5983 -0.7071 0.3769
vn 0.5983 -0.7071 -0.3769
vn -0.5983 0.7071 0.3769
vt 0.375000 0.000000
vt 0.625000 0.000000
vt 0.625000 0.250000
vt 0.375000 0.250000
vt 0.625000 0.500000
vt 0.375000 0.500000
vt 0.625000 0.750000
vt 0.375000 0.750000
vt 0.625000 1.000000
vt 0.375000 1.000000
vt 0.125000 0.500000
vt 0.125000 0.750000
vt 0.875000 0.500000
vt 0.875000 0.750000
s 0
usemtl Material.001
f 153/267/115 154/268/115 156/269/115 155/270/115
f 155/270/116 156/269/116 160/271/116 159/272/116
f 159/272/117 160/271/117 158/273/117 157/274/117
f 157/274/118 158/273/118 154/275/118 153/276/118
f 155/277/119 159/272/119 157/274/119 153/278/119
f 160/271/120 156/279/120 154/280/120 158/273/120
o Cube.020
v 0.391146 0.979928 -1.435819
v 0.642486 1.276982 -1.594151
v 2.150527 -1.099448 -2.544145
v 2.401867 -0.802394 -2.702477
v 0.615062 0.979928 -1.080371
v 0.866402 1.276982 -1.238703
v 2.374443 -1.099448 -2.188696
v 2.625783 -0.802394 -2.347029
vn -0.5330 -0.0000 -0.8461
vn 0.5983 -0.7071 -0.3769
vn 0.5330 -0.0000 0.8461
vn -0.5983 0.7071 0.3769
vn -0.5983 -0.7071 0.3769
vn 0.5983 0.7071 -0.3769
vt 0.375000 0.000000
vt 0.625000 0.000000
vt 0.625000 0.250000
vt 0.375000 0.250000
vt 0.625000 0.500000
vt 0.375000 0.500000
vt 0.625000 0.750000
vt 0.375000 0.750000
vt 0.625000 1.000000
vt 0.375000 1.000000
vt 0.125000 0.500000
vt 0.125000 0.750000
vt 0.875000 0.500000
vt 0.875000 0.750000
s 0
usemtl Material.001
f 161/281/121 162/282/121 164/283/121 163/284/121
f 163/284/122 164/283/122 168/285/122 167/286/122
f 167/286/123 168/285/123 166/287/123 165/288/123
f 165/288/124 166/287/124 162/289/124 161/290/124
f 163/291/125 167/286/125 165/288/125 161/292/125
f 168/285/126 164/293/126 162/294/126 166/287/126
o Cube.021
v 2.023517 0.995288 0.571005
v 1.613844 0.995287 0.477997
v 2.674572 0.995288 -2.296701
v 2.264899 0.995288 -2.389709
v 2.023517 1.415385 0.571005
v 1.613844 1.415385 0.477997
v 2.674572 1.415385 -2.296701
v 2.264899 1.415385 -2.389709
vn -0.0000 -1.0000 -0.0000
vn 0.2214 -0.0000 -0.9752
vn -0.0000 1.0000 -0.0000
vn -0.2214 -0.0000 0.9752
vn 0.9752 -0.0000 0.2214
vn -0.9752 -0.0000 -0.2214
vt 0.375000 0.000000
vt 0.625000 0.000000
vt 0.625000 0.250000
vt 0.375000 0.250000
vt 0.625000 0.500000
vt 0.375000 0.500000
vt 0.625000 0.750000
vt 0.375000 0.750000
vt 0.625000 1.000000
vt 0.375000 1.000000
vt 0.125000 0.500000
vt 0.125000 0.750000
vt 0.875000 0.500000
vt 0.875000 0.750000
s 0
usemtl Material.001
f 169/295/127 170/296/127 172/297/127 171/298/127
f 171/298/128 172/297/128 176/299/128 175/300/128
f 175/300/129 176/299/129 174/301/129 173/302/129
f 173/302/130 174/301/130 170/303/130 169/304/130
f 171/305/131 175/300/131 173/302/131 169/306/131
f 176/299/132 172/307/132 170/308/132 174/301/132
o Cube.022
v 0.647599 0.994448 -1.023986
v 0.740606 0.994448 -1.433658
v 3.515305 0.994448 -0.372931
v 3.608313 0.994448 -0.782603
v 0.647599 1.414545 -1.023986
v 0.740606 1.414545 -1.433658
v 3.515305 1.414545 -0.372931
v 3.608313 1.414546 -0.782603
vn -0.0000 -1.0000 -0.0000
vn 0.9752 -0.0000 0.2214
vn -0.0000 1.0000 -0.0000
vn -0.9752 -0.0000 -0.2214
vn -0.2214 -0.0000 0.9752
vn 0.2214 -0.0000 -0.9752
vt 0.375000 0.000000
vt 0.625000 0.000000
vt 0.625000 0.250000
vt 0.375000 0.250000
vt 0.625000 0.500000
vt 0.375000 0.500000
vt 0.625000 0.750000
vt 0.375000 0.750000
vt 0.625000 1.000000
vt 0.375000 1.000000
vt 0.125000 0.500000
vt 0.125000 0.750000
vt 0.875000 0.500000
vt 0.875000 0.750000
s 0
usemtl Material.001
f 177/309/133 178/310/133 180/311/133 179/312/133
f 179/312/134 180/311/134 184/313/134 183/314/134
f 183/314/135 184/313/135 182/315/135 181/316/135
f 181/316/136 182/315/136 178/317/136 177/318/136
f 179/319/137 183/314/137 181/316/137 177/320/137
f 184/313/138 180/321/138 178/322/138 182/315/138
o Cube.023
v 2.023517 -1.351988 0.571005
v 1.613844 -1.351988 0.477998
v 2.674572 -1.351988 -2.296701
v 2.264899 -1.351988 -2.389709
v 2.023517 -0.931890 0.571005
v 1.613844 -0.931890 0.477998
v 2.674572 -0.931890 -2.296701
v 2.264899 -0.931890 -2.389709
vn -0.0000 -1.0000 -0.0000
vn 0.2214 -0.0000 -0.9752
vn -0.0000 1.0000 -0.0000
vn -0.2214 -0.0000 0.9752
vn 0.9752 -0.0000 0.2214
vn -0.9752 -0.0000 -0.2214
vt 0.375000 0.000000
vt 0.625000 0.000000
vt 0.625000 0.250000
vt 0.375000 0.250000
vt 0.625000 0.500000
vt 0.375000 0.500000
vt 0.625000 0.750000
vt 0.375000 0.750000
vt 0.625000 1.000000
vt 0.375000 1.000000
vt 0.125000 0.500000
vt 0.125000 0.750000
vt 0.875000 0.500000
vt 0.875000 0.750000
s 0
usemtl Material.001
f 185/323/139 186/324/139 188/325/139 187/326/139
f 187/326/140 188/325/140 192/327/140 191/328/140
f 191/328/141 192/327/141 190/329/141 189/330/141
f 189/330/142 190/329/142 186/331/142 185/332/142
f 187/333/143 191/328/143 189/330/143 185/334/143
f 192/327/144 188/335/144 186/336/144 190/329/144
o Cube.024
v 0.647599 -1.352828 -1.023986
v 0.740606 -1.352828 -1.433658
v 3.515305 -1.352828 -0.372931
v 3.608313 -1.352828 -0.782603
v 0.647599 -0.932730 -1.023986
v 0.740606 -0.932730 -1.433658
v 3.515305 -0.932730 -0.372931
v 3.608313 -0.932730 -0.782603
vn -0.0000 -1.0000 -0.0000
vn 0.9752 -0.0000 0.2214
vn -0.0000 1.0000 -0.0000
vn -0.9752 -0.0000 -0.2214
vn -0.2214 -0.0000 0.9752
vn 0.2214 -0.0000 -0.9752
vt 0.375000 0.000000
vt 0.625000 0.000000
vt 0.625000 0.250000
vt 0.375000 0.250000
vt 0.625000 0.500000
vt 0.375000 0.500000
vt 0.625000 0.750000
vt 0.375000 0.750000
vt 0.625000 1.000000
vt 0.375000 1.000000
vt 0.125000 0.500000
vt 0.125000 0.750000
vt 0.875000 0.500000
vt 0.875000 0.750000
s 0
usemtl Material.001
f 193/337/145 194/338/145 196/339/145 195/340/145
f 195/340/146 196/339/146 200/341/146 199/342/146
f 199/342/147 200/341/147 198/343/147 197/344/147
f 197/344/148 198/343/148 194/345/148 193/346/148
f 195/347/149 199/342/149 197/344/149 193/348/149
f 200/341/150 196/349/150 194/350/150 198/343/150
